SOME ONE 7 13 0 4 20 11 22 29 32 0 30 32 40 3 45 40 66 47 50 5 35 58 8 65 57 74 41 72 74 63 55
CENTER ONE 7 13 0 4 20 11 22 29 32 0 30 32 40 3 45 40 66 47 50 5 35 58 8 65 57 74 41 72 74 63 68
0 1 3
1 2 1
2 8 2
3 39 12
4 171 123
5 719 734
6 2757 3849
7 9751 17161
8 31312 67968
9 89927 235405
10 229614 711000
11 517854 1874496
12 1022224 4294772
13 1753737 8481030
14 2598215 14350499
15 3312423 20685311
16 3626632 25312848
17 3413313 26211657
18 2765623 22972836
19 1930324 17055244
20 1160977 10721277
21 600372 5691991
22 265865 2536207
23 100565 941916
24 32250 289830
25 8688 72498
26 1917 14253
27 348 2083
28 50 232
29 7 10
30 2 0
31 0 0
